12
587 797 297 474 298 265 840 747 724 562 293 488 
737 479 134 914 567 191 541 591 157 384 743 109 
838 722 822 442 611 336 18 790 602 752 130 974 
781 15 663 26 451 730 913 595 951 473 37 458 
342 251 431 743 573 955 689 388 121 40 931 482 
8 376 354 422 755 286 711 129 596 254 678 936 
491 389 934 765 927 936 855 145 181 847 301 551 
260 277 687 872 295 173 837 657 124 405 132 833 
671 606 5 970 517 430 557 48 483 4 948 792 
136 171 931 678 505 241 359 117 897 184 739 297 
513 523 214 846 520 201 178 966 257 528 252 513 
593 974 807 65 709 801 144 521 900 399 869 991 